X-coordinate(mm)         Y-coordinate(mm)
                                              
      0                     0           
      0.5                   0.090416667 
      1                     0.163650075 
      1.5                   0.178378582 
      2                     0.21040724  
      2.5                   0.241091629 
      3                     0.364588989 
      3.5                   0.49813914  
      4                     0.5260181   
      4.5                   0.5260181   
      5                     0.5260181   
      5.5                   0.5260181   
      6                     0.5260181   
      6.5                   0.508951735 
      7                     0.451791101 
      7.5                   0.42081448  
      8                     0.333378582 
      8.5                   0.209647436 
      9                     0.020573152 
      9.5                   -0.104677602
      10                    -0.278205128
      10.5                  -0.364764329
      11                    -0.388552036
      11.5                  -0.464473982
      12                    -0.5260181  
      12.5                  -0.5260181  
      13                    -0.564417421
      13.5                  -0.622542421
      14                    -0.752088989
      14.5                  -1.014221342
      15                    -1.216270739
      15.5                  -1.323081637
      16                    -1.48453997 
      16.5                  -1.578054299
      17                    -1.59138009 
      17.5                  -1.672445324
      18                    -1.706636501
      18.5                  -1.737671569
      19                    -1.787993967
      19.5                  -1.841355581
      20                    -1.779110106
      20.5                  -1.780921946
      21                    -1.923005279
      21.5                  -2.107228507
      22                    -2.274502262
      22.5                  -2.467024887
      23                    -2.699524887
      23.5                  -2.833659502
      24                    -2.788597285
      24.5                  -2.945701357
      25                    -2.983691554
      25.5                  -3.135009427
      26                    -3.278144796
      26.5                  -3.425955882
      27                    -3.487383107
      27.5                  -3.603808446
      28                    -3.769095023
      28.5                  -3.706732655
      29                    -3.892533937
      29.5                  -3.913048643
      30                    -3.997737557
      30.5                  -4.021408371
      31                    -4.10387632 
      31.5                  -4.171265083
      32                    -4.218431373
      32.5                  -4.299029035
      33                    -4.530769231
      33.5                  -4.565281863
      34                    -4.588748115
      34.5                  -4.577409502
      35                    -4.418552036
      35.5                  -4.370684389
      36                    -4.241342383
      36.5                  -4.145899321
      37                    -4.027311463
      37.5                  -3.997737557
      38                    -3.997737557
      38.5                  -4.006679864
      39                    -4.087394419
      39.5                  -3.983184389
      40                    -3.808371041
      40.5                  -3.682126697
      41                    -3.632213424
      41.5                  -3.600301659
      42                    -3.600301659
      42.5                  -3.697615008
      43                    -3.762899698
      43.5                  -3.728883861
      44                    -3.703634992
      44.5                  -3.623680241
      45                    -3.555297888
      45.5                  -3.471719457
      46                    -3.471719457
      46.5                  -3.453834842
      47                    -3.377153092
      47.5                  -3.263942308
      48                    -3.428702866
      48.5                  -3.499832202
      49                    -3.657579186
      49.5                  -3.800597662
      50                    -3.892533937
      50.5                  -3.892533937
      51                    -3.892533937
      51.5                  -3.892533937
      52                    -3.892533937
      52.5                  -3.891072775
      53                    -3.84168552 
      53.5                  -3.862317119
      54                    -3.74407994 
      54.5                  -3.705505279
      55                    -3.75050905 
      55.5                  -3.856238688
      56                    -3.910301659
      56.5                  -3.946246229
      57                    -3.996334842
      57.5                  -3.997737557
      58                    -3.997737557
      58.5                  -3.997737557
      59                    -3.997737557
      59.5                  -3.945661765
      60                    -3.829411765
      60.5                  -3.73376414 
      61                    -3.649805807
      61.5                  -3.624673831
      62                    -3.597730015
      62.5                  -3.471719457
      63                    -3.460965309
      63.5                  -3.432794118
      64                    -3.412337858
      64.5                  -3.296438537
      65                    -3.154355204
      65.5                  -2.985795626
      66                    -2.784856712
      66.5                  -2.595110294
      67                    -2.410682504
      67.5                  -2.239960407
      68                    -1.992322775
      68.5                  -1.943987557
      69                    -1.870754148
      69.5                  -1.763446456
      70                    -1.706636501
      70.5                  -1.753685897
      71                    -1.594886878
      71.5                  -1.578054299
      72                    -1.578054299
      72.5                  -1.578054299
      73                    -1.535622172
      73.5                  -1.388453997
      74                    -1.283951735
      74.5                  -1.141809955
      75                    -0.996512066
      75.5                  -0.860273379
      76                    -0.740633484
      76.5                  -0.607843137
      77                    -0.59790724 
      77.5                  -0.542967572
      78                    -0.486040724
      78.5                  -0.358452112
      79                    -0.243955505
      79.5                  -0.137290724
      80                    -0.10520362 
      80.5                  -0.10520362 
      81                    0.049913273 
      81.5                  0.369089367 
      82                    0.42081448  
      82.5                  0.447407617 
      83                    0.512692308 
      83.5                  0.5260181   
      84                    0.5260181   
      84.5                  0.508601056 
      85                    0.433088235 
      85.5                  0.275691931 
      86                    0.268853695 
      86.5                  0.268853695 
      87                    0.268853695 
      87.5                  0.303921569 
      88                    0.44092006  
      88.5                  0.614915158 
      89                    0.589257164 
      89.5                  0.447173831 
      90                    0.284049774 
      90.5                  0.163766968 
      91                    0.184457014 
      91.5                  0.163650075 
      92                    0.171131222 
      92.5                  0.17709276  
      93                    0.188431373 
      93.5                  0.21040724  
      94                    0.21040724  
      94.5                  0.170897436 
      95                    0.185859729 
      95.5                  0.053946078 
      96                    -0.057043741
      96.5                  -0.261664781
      97                    -0.408190045
      97.5                  -0.564884992
      98                    -0.621402715
      98.5                  -0.599193062
      99                    -0.621402715
      99.5                  -0.673069382
      100                   -0.689668175
