X-coordinate(mm)         Y-coordinate(mm)
                                         
      0                    0           
      0.5                  0.05938914  
      1                    0.589366516 
      1.5                  0.67081448  
      2                    0.711664153 
      2.5                  0.897435897 
      3                    1.024635495 
      3.5                  0.923139769 
      4                    0.763700352 
      4.5                  0.658433886 
      5                    0.653594771 
      5.5                  0.675025138 
      6                    0.791855204 
      6.5                  0.791855204 
      7                    0.738687783 
      7.5                  0.498051785 
      8                    0.133735546 
      8.5                  -0.063662645
      9                    -0.087983912
      9.5                  -0.225553042
      10                   -0.350678733
      10.5                 -0.498868778
      11                   -0.713800905
      11.5                 -0.859665661
      12                   -1.020613374
      12.5                 -1.057378079
      13                   -1.043237808
      13.5                 -1.043237808
      14                   -1.043237808
      14.5                 -1.104952237
      15                   -1.054550025
      15.5                 -0.818438914
      16                   -0.524886878
      16.5                 -0.399886878
      17                   -0.339366516
      17.5                 -0.26300905 
      18                   -0.13800905 
      18.5                 0.142722474 
      19                   0.225741579 
      19.5                 0.344142785 
      20                   0.419808949 
      20.5                 0.494469583 
      21                   0.276269482 
      21.5                 0.054864253 
      22                   -0.054550025
      22.5                 -0.087983912
      23                   -0.087983912
      23.5                 -0.052727501
      24                   -0.08496732 
      24.5                 -0.001633987
      25                   0.103695324 
      25.5                 0.266402715 
      26                   0.313348416 
      26.5                 0.250848416 
      27                   0.11676722  
      27.5                 0.033622423 
      28                   0.02513826  
      28.5                 0.06228004  
      29                   0.213549522 
      29.5                 0.383484163 
      30                   0.633484163 
      30.5                 0.847850679 
      31                   0.917295123 
      31.5                 0.81994721  
      32                   0.667169432 
      32.5                 0.576608849 
      33                   0.612368024 
      33.5                 0.543552036 
      34                   0.631975867 
      34.5                 0.687468577 
      35                   0.734665661 
      35.5                 0.651332328 
      36                   0.742081448 
      36.5                 0.791855204 
      37                   0.791855204 
      37.5                 0.791855204 
      38                   0.791855204 
      38.5                 0.791855204 
      39                   0.791855204 
      39.5                 0.791855204 
      40                   0.791855204 
      40.5                 0.823592257 
      41                   0.91603821  
      41.5                 1.045123177 
      42                   1.122171946 
      42.5                 1.235859729 
      43                   1.363499246 
      43.5                 1.585721468 
      44                   1.838109603 
      44.5                 2.090811966 
      45                   2.172574158 
      45.5                 2.325226244 
      46                   2.508295626 
      46.5                 2.634364002 
      47                   2.827048768 
      47.5                 2.938976873 
      48                   2.819004525 
      48.5                 2.710281549 
      49                   2.664278532 
      49.5                 2.626633987 
      50                   2.689793866 
      50.5                 2.783371041 
      51                   2.828054299 
      51.5                 2.961224233 
      52                   3.257415787 
      52.5                 3.395864756 
      53                   3.514328808 
      53.5                 3.780291604 
      54                   3.942684766 
      54.5                 3.987242333 
      55                   3.987556561 
      55.5                 3.959276018 
      56                   3.978381096 
      56.5                 4.256221719 
      57                   4.408371041 
      57.5                 4.407051282 
      58                   4.339869281 
      58.5                 4.29147813  
      59                   4.322523881 
      59.5                 4.46141277  
      60                   4.524886878 
      60.5                 4.622360483 
      61                   4.826043238 
      61.5                 4.921757164 
      62                   5.141528406 
      62.5                 5.132918552 
      63                   4.779286073 
      63.5                 4.608408748 
      64                   4.461035696 
      64.5                 4.322712418 
      65                   4.223856209 
      65.5                 4.125251383 
      66                   4.09753645  
      66.5                 3.964115133 
      67                   3.799019608 
      67.5                 3.478192559 
      68                   3.269482152 
      68.5                 3.026206637 
      69                   2.885746606 
      69.5                 2.828054299 
      70                   2.907239819 
      70.5                 2.941176471 
      71                   2.918300654 
      71.5                 2.825980392 
      72                   2.682252388 
      72.5                 2.621292107 
      73                   2.676470588 
      73.5                 2.953808446 
      74                   3.144293615 
      74.5                 3.240384615 
      75                   3.403092006 
      75.5                 3.497674711 
      76                   3.69984917  
      76.5                 3.72831825  
      77                   4.069130216 
      77.5                 4.336664153 
      78                   4.489441931 
      78.5                 4.575163399 
      79                   4.716063348 
      79.5                 4.971216692 
      80                   5.191050779 
      80.5                 5.285633484 
      81                   5.147058824 
      81.5                 4.452614379 
      82                   4.06661639  
      82.5                 3.620537959 
      83                   3.493966817 
      83.5                 3.333144796 
      84                   3.208144796 
      84.5                 3.14869281  
      85                   2.91792358  
      85.5                 2.830316742 
      86                   2.618652589 
      86.5                 2.470022624 
      87                   2.290723982 
      87.5                 2.051910508 
      88                   2.090497738 
      88.5                 2.149321267 
      89                   2.088612368 
      89.5                 2.001382604 
      90                   1.827551533 
      90.5                 1.923076923 
      91                   1.910633484 
      91.5                 1.774824032 
      92                   1.590246355 
      92.5                 1.54003268  
      93                   1.727249874 
      93.5                 1.809954751 
      94                   1.689039718 
      94.5                 1.614693313 
      95                   1.608848668 
      95.5                 1.53135998  
      96                   1.5057818   
      96.5                 1.611865259 
      97                   1.86199095  
      97.5                 2.048139769 
      98                   2.177978884 
      98.5                 2.262443439 
      99                   2.262443439 
      99.5                 2.206196581 
      100                  2.086475616 
