X-coordinate(mm)         Y-coordinate(mm)
                                              
      0                    0           
      0.5                  0.00467968  
      1                    0.0753003   
      1.5                  0.191441441 
      2                    0.191441441 
      2.5                  0.097847848 
      3                    0.04232983  
      3.5                  0.159640891 
      4                    0.191441441 
      4.5                  0.286204955 
      5                    0.471158659 
      5.5                  0.415321572 
      6                    0.419894895 
      6.5                  0.36778028  
      7                    0.473073073 
      7.5                  0.559434434 
      8                    0.541991992 
      8.5                  0.485516767 
      9                    0.405643143 
      9.5                  0.487218468 
      10                   0.565815816 
      10.5                 0.531781782 
      11                   0.54964965  
      11.5                 0.574324324 
      12                   0.574324324 
      12.5                 0.574324324 
      13                   0.455417918 
      13.5                 0.436061061 
      14                   0.437762763 
      14.5                 0.414896146 
      15                   0.221221221 
      15.5                 0.191441441 
      16                   0.130605606 
      16.5                 -0.005955956
      17                   -0.013826326
      17.5                 0.063282032 
      18                   -0.017442442
      18.5                 0.191441441 
      19                   0.208671171 
      19.5                 0.287162162 
      20                   0.287162162 
      20.5                 0.238344595 
      21                   0.191441441 
      21.5                 0.261317568 
      22                   0.287162162 
      22.5                 0.287162162 
      23                   0.053178178 
      23.5                 0.053178178 
      24                   0.0502002   
      24.5                 0.063282032 
      25                   0.156875626 
      25.5                 0.292639515 
      26                   0.332682683 
      26.5                 0.214946196 
      27                   0.061473974 
      27.5                 -0.085085085
      28                   -0.317792793
      28.5                 -0.530292793
      29                   -0.633671171
      29.5                 -0.537844094
      30                   -0.455205205
      30.5                 -0.425425425
      31                   -0.469031532
      31.5                 -0.567623874
      32                   -0.407982983
      32.5                 -0.496684184
      33                   -0.473073073
      33.5                 -0.465202703
      34                   -0.52454955 
      34.5                 -0.63079955 
      35                   -0.684934935
      35.5                 -0.7688501  
      36                   -0.924024024
      36.5                 -0.859891141
      37                   -0.808308308
      37.5                 -0.816285035
      38                   -0.813413413
      38.5                 -0.650794545
      39                   -0.539652152
      39.5                 -0.633777528
      40                   -0.716841842
      40.5                 -0.781772397
      41                   -0.913175676
      41.5                 -0.830536787
      42                   -0.742792793
      42.5                 -0.670045045
      43                   -0.704291792
      43.5                 -0.750556807
      44                   -0.762362362
      44.5                 -0.765765766
      45                   -0.631756757
      45.5                 -0.425212713
      46                   -0.404154154
      46.5                 -0.411492743
      47                   -0.385435435
      47.5                 -0.287162162
      48                   -0.257382382
      48.5                 -0.233983984
      49                   -0.275462963
      49.5                 -0.410216466
      50                   -0.574324324
      50.5                 -0.809478228
      51                   -0.786186186
      51.5                 -0.670045045
      52                   -0.609209209
      52.5                 -0.607826577
      53                   -0.670045045
      53.5                 -0.522635135
      54                   -0.413088088
      54.5                 -0.404154154
      55                   -0.411599099
      55.5                 -0.287162162
      56                   -0.287162162
      56.5                 -0.346615365
      57                   -0.413938939
      57.5                 -0.43871997 
      58                   -0.328003003
      58.5                 -0.203885135
      59                   -0.076789289
      59.5                 -0.050519269
      60                   0.172297297 
      60.5                 0.059453203 
      61                   -0.132945445
      61.5                 -0.30970971 
      62                   -0.459034034
      62.5                 -0.563688689
      63                   -0.446271271
      63.5                 -0.518274525
      64                   -0.574324324
      64.5                 -0.574324324
      65                   -0.567942943
      65.5                 -0.513807558
      66                   -0.468393393
      66.5                 -0.538907658
      67                   -0.574324324
      67.5                 -0.538163163
      68                   -0.613463463
      68.5                 -0.670045045
      69                   -0.670045045
      69.5                 -0.670045045
      70                   -0.691316316
      70.5                 -0.74491992 
      71                   -0.739389389
      71.5                 -0.684403153
      72                   -0.786186186
      72.5                 -0.676958208
      73                   -0.670045045
      73.5                 -0.653772523
      74                   -0.535610611
      74.5                 -0.469244244
      75                   -0.526463964
      75.5                 -0.557732733
      76                   -0.643243243
      76.5                 -0.65238989 
      77                   -0.668768769
      77.5                 -0.676958208
      78                   -0.823623624
      78.5                 -0.898285786
      79                   -0.866591592
      79.5                 -0.840215215
      80                   -0.738113113
      80.5                 -0.670045045
      81                   -0.670045045
      81.5                 -0.70960961 
      82                   -0.818943944
      82.5                 -0.836492743
      83                   -0.966353854
      83.5                 -1.088344595
      84                   -1.148648649
      84.5                 -1.136098599
      85                   -1.075262763
      85.5                 -1.070157658
      86                   -1.05462963 
      86.5                 -1.052927928
      87                   -1.055905906
      87.5                 -1.098129379
      88                   -1.154604605
      88.5                 -1.057394895
      89                   -0.953803804
      89.5                 -0.884565816
      90                   -0.844469469
      90.5                 -0.820858358
      91                   -0.806606607
      91.5                 -0.688657407
      92                   -0.457332332
      92.5                 -0.397772773
      93                   -0.287162162
      93.5                 -0.287162162
      94                   -0.316091091
      94.5                 -0.430530531
      95                   -0.428616116
      95.5                 -0.381925676
      96                   -0.298648649
      96.5                 -0.400006256
      97                   -0.446483984
      97.5                 -0.449355606
      98                   -0.371396396
      98.5                 -0.287162162
      99                   -0.245683183
      99.5                 -0.262381131
      100                  -0.382882883
