X-coordinate(mm)         Y-coordinate(mm)
                                               
      0                     0           
      0.5                   0.076736111 
      1                     0.125925926 
      1.5                   0.090509259 
      2                     0.062962963 
      2.5                   0.101003086 
      3                     0.207253086 
      3.5                   0.230864198 
      4                     0.230864198 
      4.5                   0.230864198 
      5                     0.230864198 
      5.5                   0.230864198 
      6                     0.230864198 
      6.5                   0.230864198 
      7                     0.341049383 
      7.5                   0.368595679 
      8                     0.367283951 
      8.5                   0.367283951 
      9                     0.367283951 
      9.5                   0.367283951 
      10                    0.393518519 
      10.5                  0.327932099 
      11                    0.241358025 
      11.5                  0.111496914 
      12                    0.230864198 
      12.5                  0.355478395 
      13                    0.43287037  
      13.5                  0.472222222 
      14                    0.472222222 
      14.5                  0.472222222 
      15                    0.472222222 
      15.5                  0.426311728 
      16                    0.377777778 
      16.5                  0.371219136 
      17                    0.330555556 
      17.5                  0.303009259 
      18                    0.241358025 
      18.5                  0.323996914 
      19                    0.375154321 
      19.5                  0.249228395 
      20                    0.230864198 
      20.5                  0.136419753 
      21                    0.136419753 
      21.5                  0.128549383 
      22                    0.125925926 
      22.5                  0.136419753 
      23                    0.104938272 
      23.5                  0.011805556 
      24                    3.77476E-16 
      24.5                  -0.158719136
      25                    -0.228240741
      25.5                  -0.208564815
      26                    -0.241358025
      26.5                  -0.241358025
      27                    -0.170524691
      27.5                  -0.14691358 
      28                    -0.14691358 
      28.5                  -0.125925926
      29                    7.33719E-15 
      29.5                  -0.094444444
      30                    -0.118055556
      30.5                  -0.053125   
      31                    0.094444444 
      31.5                  0.136419753 
      32                    0.367283951 
      32.5                  0.436805556 
      33                    0.569290123 
      33.5                  0.608641975 
      34                    0.608641975 
      34.5                  0.608641975 
      35                    0.608641975 
      35.5                  0.608641975 
      36                    0.608641975 
      36.5                  0.59683642  
      37                    0.503703704 
      37.5                  0.472222222 
      38                    0.398765432 
      38.5                  0.38433642  
      39                    0.561419753 
      39.5                  0.57650463  
      40                    0.535185185 
      40.5                  0.486651235 
      41                    0.445987654 
      41.5                  0.410570988 
      42                    0.346296296 
      42.5                  0.354166667 
      43                    0.299074074 
      43.5                  0.338425926 
      44                    0.398765432 
      44.5                  0.342361111 
      45                    0.49845679  
      45.5                  0.644058642 
      46                    0.750308642 
      46.5                  0.91558642  
      47                    0.986419753 
      47.5                  0.986419753 
      48                    0.986419753 
      48.5                  0.986419753 
      49                    0.986419753 
      49.5                  0.986419753 
      50                    0.975925926 
      50.5                  0.886728395 
      51                    0.752932099 
      51.5                  0.705709877 
      52                    0.724074074 
      52.5                  0.70308642  
      53                    0.689969136 
      53.5                  0.634876543 
      54                    0.608641975 
      54.5                  0.621759259 
      55                    0.653240741 
      55.5                  0.697839506 
      56                    0.797530864 
      56.5                  0.848688272 
      57                    0.865740741 
      57.5                  0.960185185 
      58                    0.986419753 
      58.5                  1.045447531 
      59                    1.151697531 
      59.5                  1.092669753 
      60                    1.080864198 
      60.5                  1.069058642 
      61                    0.986419753 
      61.5                  0.970679012 
      62                    0.944444444 
      62.5                  0.970679012 
      63                    1.041512346 
      63.5                  1.041512346 
      64                    0.986419753 
      64.5                  0.986419753 
      65                    0.962808642 
      65.5                  0.864429012 
      66                    0.829012346 
      66.5                  0.754243827 
      67                    0.647993827 
      67.5                  0.491898148 
      68                    0.419753086 
      68.5                  0.389583333 
      69                    0.301697531 
      69.5                  0.230864198 
      70                    0.257098765 
      70.5                  0.322685185 
      71                    0.401388889 
      71.5                  0.401388889 
      72                    0.493209877 
      72.5                  0.608641975 
      73                    0.608641975 
      73.5                  0.581095679 
      74                    0.514197531 
      74.5                  0.447299383 
      75                    0.388271605 
      75.5                  0.295138889 
      76                    0.272839506 
      76.5                  0.230864198 
      77                    0.230864198 
      77.5                  0.230864198 
      78                    0.230864198 
      78.5                  0.303009259 
      79                    0.362037037 
      79.5                  0.348919753 
      80                    0.251851852 
      80.5                  0.322685185 
      81                    0.383024691 
      81.5                  0.379089506 
      82                    0.372530864 
      82.5                  0.379089506 
      83                    0.390895062 
      83.5                  0.334490741 
      84                    0.230864198 
      84.5                  0.230864198 
      85                    0.230864198 
      85.5                  0.250540123 
      86                    0.257098765 
      86.5                  0.230864198 
      87                    0.230864198 
      87.5                  0.230864198 
      88                    0.157407407 
      88.5                  0.228240741 
      89                    0.200694444 
      89.5                  0.159375    
      90                    0.162654321 
      90.5                  0.215123457 
      91                    0.230864198 
      91.5                  0.331867284 
      92                    0.440740741 
      92.5                  0.470910494 
      93                    0.474845679 
      93.5                  0.549614198 
      94                    0.608641975 
      94.5                  0.654552469 
      95                    0.627006173 
      95.5                  0.608641975 
      96                    0.608641975 
      96.5                  0.590277778 
      97                    0.469598765 
      97.5                  0.501080247 
      98                    0.493209877 
      98.5                  0.544367284 
      99                    0.674228395 
      99.5                  0.657175926 
      100                   0.661111111 
