X-coordinate(mm)         Y-coordinate(mm)
                                
      0                    0          
      0.5                  0.027718163
      1                    0.107440386
      1.5                  0.151591832
      2                    0.177645865
      2.5                  0.290702689
      3                    0.289766616
      3.5                  0.343070776
      4                    0.374429224
      4.5                  0.374429224
      5                    0.374429224
      5.5                  0.44395865 
      6                    0.374429224
      6.5                  0.386650178
      7                    0.457323694
      7.5                  0.506779554
      8                    0.499654997
      8.5                  0.48405378 
      9                    0.519728564
      9.5                  0.482233638
      10                   0.617808219
      10.5                 0.562007864
      11                   0.568196347
      11.5                 0.630601218
      12                   0.610735667
      12.5                 0.560343734
      13                   0.488838153
      13.5                 0.506467529
      14                   0.471988838
      14.5                 0.462940132
      15                   0.43267377 
      15.5                 0.396946981
      16                   0.46970066 
      16.5                 0.49700279 
      17                   0.427993404
      17.5                 0.46803653 
      18                   0.450563166
      18.5                 0.399651192
      19                   0.374429224
      19.5                 0.374429224
      20                   0.391070523
      20.5                 0.376613394
      21                   0.425913242
      21.5                 0.374429224
      22                   0.374429224
      22.5                 0.400171233
      23                   0.47573313 
      23.5                 0.488838153
      24                   0.506311517
      24.5                 0.499602993
      25                   0.488838153
      25.5                 0.488838153
      26                   0.518168442
      26.5                 0.508183663
      27                   0.45586758 
      27.5                 0.374429224
      28                   0.374429224
      28.5                 0.374429224
      29                   0.374429224
      29.5                 0.374429224
      30                   0.374429224
      30.5                 0.374429224
      31                   0.374429224
      31.5                 0.374429224
      32                   0.374429224
      32.5                 0.358047945
      33                   0.280821918
      33.5                 0.296007103
      34                   0.322425165
      34.5                 0.351287418
      35                   0.347387113
      35.5                 0.294082953
      36                   0.280821918
      36.5                 0.241922882
      37                   0.280821918
      37.5                 0.280821918
      38                   0.280821918
      38.5                 0.280821918
      39                   0.280821918
      39.5                 0.280821918
      40                   0.280821918
      40.5                 0.280821918
      41                   0.280821918
      41.5                 0.280821918
      42                   0.148315576
      42.5                 0.143271182
      43                   0.125017757
      43.5                 0.193351091
      44                   0.201775748
      44.5                 0.135210553
      45                   0.215296804
      45.5                 0.280821918
      46                   0.280821918
      46.5                 0.280821918
      47                   0.193767123
      47.5                 0.115709031
      48                   0.160172501
      48.5                 0.114408929
      49                   0.124081684
      49.5                 0.124549721
      50                   0.163812785
      50.5                 0.317562785
      51                   0.374429224
      51.5                 0.374429224
      52                   0.328665652
      52.5                 0.373129122
      53                   0.461484018
      53.5                 0.374429224
      54                   0.374429224
      54.5                 0.374429224
      55                   0.374429224
      55.5                 0.402771436
      56                   0.426433283
      56.5                 0.495234652
      57                   0.554571284
      57.5                 0.561643836
      58                   0.561643836
      58.5                 0.566428209
      59                   0.585773719
      59.5                 0.510523846
      60                   0.497158803
      60.5                 0.489046169
      61                   0.575476915
      61.5                 0.548538813
      62                   0.504855403
      62.5                 0.488838153
      63                   0.519104515
      63.5                 0.5227448  
      64                   0.564972095
      64.5                 0.571836631
      65                   0.522640791
      65.5                 0.488838153
      66                   0.488838153
      66.5                 0.488838153
      67                   0.488838153
      67.5                 0.454515474
      68                   0.4663724  
      68.5                 0.374429224
      69                   0.374429224
      69.5                 0.363768392
      70                   0.322425165
      70.5                 0.379941654
      71                   0.46803653 
      71.5                 0.46803653 
      72                   0.46803653 
      72.5                 0.46803653 
      73                   0.431841705
      73.5                 0.376249366
      74                   0.428929477
      74.5                 0.453527397
      75                   0.374429224
      75.5                 0.374429224
      76                   0.356123795
      76.5                 0.316132674
      77                   0.301623541
      77.5                 0.316704718
      78                   0.365068493
      78.5                 0.336362253
      79                   0.374949264
      79.5                 0.420972856
      80                   0.359868087
      80.5                 0.323101218
      81                   0.374429224
      81.5                 0.374429224
      82                   0.374429224
      82.5                 0.374429224
      83                   0.374429224
      83.5                 0.374429224
      84                   0.374429224
      84.5                 0.377289447
      85                   0.435794013
      85.5                 0.460807965
      86                   0.399183156
      86.5                 0.456283612
      87                   0.379837646
      87.5                 0.347127093
      88                   0.374429224
      88.5                 0.433765855
      89                   0.380981735
      89.5                 0.301779554
      90                   0.331785895
      90.5                 0.314312532
      91                   0.280821918
      91.5                 0.336882293
      92                   0.446402841
      92.5                 0.414212329
      93                   0.437146119
      93.5                 0.46803653 
      94                   0.432257737
      94.5                 0.466164384
      95                   0.374429224
      95.5                 0.3638724  
      96                   0.301623541
      96.5                 0.301623541
      97                   0.270317098
      97.5                 0.267040842
      98                   0.275829528
      98.5                 0.304639777
      99                   0.330849822
      99.5                 0.351651446
      100                  0.332825977
