X-coordinate(mm)         Y-coordinate(mm)
                                              
      0                    0           
      0.5                  -0.047777778
      1                    0.026666667 
      1.5                  0.007777778 
      2                    -0.055555556
      2.5                  0.077777778 
      3                    0.144444444 
      3.5                  0.091111111 
      4                    0.068888889 
      4.5                  -0.063333333
      5                    -0.077777778
      5.5                  -0.017777778
      6                    0.106666667 
      6.5                  0.081111111 
      7                    0.228888889 
      7.5                  0.261111111 
      8                    0.093333333 
      8.5                  0.053333333 
      9                    0.155555556 
      9.5                  0.177777778 
      10                   0.222222222 
      10.5                 0.227777778 
      11                   0.251111111 
      11.5                 0.124444444 
      12                   0.104444444 
      12.5                 0.283333333 
      13                   0.482222222 
      13.5                 0.452222222 
      14                   0.422222222 
      14.5                 0.382222222 
      15                   0.222222222 
      15.5                 0.09        
      16                   0.224444444 
      16.5                 0.395555556 
      17                   0.557777778 
      17.5                 0.594444444 
      18                   0.664444444 
      18.5                 0.708888889 
      19                   0.722222222 
      19.5                 0.672222222 
      20                   0.544444444 
      20.5                 0.552222222 
      21                   0.453333333 
      21.5                 0.614444444 
      22                   0.748888889 
      22.5                 0.872222222 
      23                   1.015555556 
      23.5                 1.128333333 
      24                   1.207777778 
      24.5                 1.222222222 
      25                   1.222222222 
      25.5                 1.13        
      26                   1.224444444 
      26.5                 1.307222222 
      27                   1.252222222 
      27.5                 1.177777778 
      28                   1.08        
      28.5                 1.083333333 
      29                   1.1         
      29.5                 1.1         
      30                   1.222222222 
      30.5                 1.222222222 
      31                   1.242222222 
      31.5                 1.358888889 
      32                   1.506666667 
      32.5                 1.683333333 
      33                   1.86        
      33.5                 2.031111111 
      34                   2.113333333 
      34.5                 2.122222222 
      35                   2.122222222 
      35.5                 2.132222222 
      36                   2.246666667 
      36.5                 2.384444444 
      37                   2.535555556 
      37.5                 2.672222222 
      38                   2.722222222 
      38.5                 2.722222222 
      39                   2.722222222 
      39.5                 2.722222222 
      40                   2.722222222 
      40.5                 2.722222222 
      41                   2.722222222 
      41.5                 2.692222222 
      42                   2.622222222 
      42.5                 2.622222222 
      43                   2.655555556 
      43.5                 2.658333333 
      44                   2.627777778 
      44.5                 2.622222222 
      45                   2.622222222 
      45.5                 2.607777778 
      46                   2.477777778 
      46.5                 2.514444444 
      47                   2.586666667 
      47.5                 2.594444444 
      48                   2.622222222 
      48.5                 2.676666667 
      49                   2.717777778 
      49.5                 2.722222222 
      50                   2.877777778 
      50.5                 2.902222222 
      51                   3.146666667 
      51.5                 3.261111111 
      52                   3.317777778 
      52.5                 3.355555556 
      53                   3.373333333 
      53.5                 3.478888889 
      54                   3.442222222 
      54.5                 3.442222222 
      55                   3.433333333 
      55.5                 3.42        
      56                   3.4         
      56.5                 3.4         
      57                   3.4         
      57.5                 3.4         
      58                   3.4         
      58.5                 3.4         
      59                   3.4         
      59.5                 3.35        
      60                   3.322222222 
      60.5                 3.36        
      61                   3.153333333 
      61.5                 2.946666667 
      62                   2.846666667 
      62.5                 2.730555556 
      63                   2.651111111 
      63.5                 2.591111111 
      64                   2.471111111 
      64.5                 2.494444444 
      65                   2.222222222 
      65.5                 2.11        
      66                   1.968888889 
      66.5                 1.837777778 
      67                   1.844444444 
      67.5                 1.85        
      68                   1.762222222 
      68.5                 1.722222222 
      69                   1.722222222 
      69.5                 1.722222222 
      70                   1.722222222 
      70.5                 1.72        
      71                   1.675555556 
      71.5                 1.561111111 
      72                   1.553333333 
      72.5                 1.661111111 
      73                   1.782222222 
      73.5                 1.923333333 
      74                   2.091111111 
      74.5                 2.122222222 
      75                   2.122222222 
      75.5                 2.11        
      76                   1.984444444 
      76.5                 1.892222222 
      77                   1.782222222 
      77.5                 1.722222222 
      78                   1.722222222 
      78.5                 1.722222222 
      79                   1.722222222 
      79.5                 1.762222222 
      80                   1.722222222 
      80.5                 1.834444444 
      81                   1.92        
      81.5                 1.835555556 
      82                   1.871111111 
      82.5                 1.922222222 
      83                   1.953333333 
      83.5                 2.014444444 
      84                   1.964444444 
      84.5                 2.014444444 
      85                   2.066666667 
      85.5                 2.092222222 
      86                   2.006666667 
      86.5                 1.937777778 
      87                   1.922222222 
      87.5                 1.972222222 
      88                   2.082222222 
      88.5                 2.122222222 
      89                   2.202222222 
      89.5                 2.222222222 
      90                   2.122222222 
      90.5                 2.162222222 
      91                   2.091111111 
      91.5                 1.893333333 
      92                   1.664444444 
      92.5                 1.561111111 
      93                   1.531111111 
      93.5                 1.646666667 
      94                   1.797777778 
      94.5                 1.932222222 
      95                   1.977777778 
      95.5                 1.946666667 
      96                   1.997777778 
      96.5                 2.078888889 
      97                   1.973333333 
      97.5                 1.994444444 
      98                   2.055555556 
      98.5                 2.178888889 
      99                   2.142222222 
      99.5                 2.122222222 
      100                  2.122222222 
