X-coordinate(mm)         Y-coordinate(mm)
                                   
      0                    0           
      0.5                  -0.114795969
      1                    -0.141101278
      1.5                  -0.078210423
      2                    0.067325467 
      2.5                  0.169825467 
      3                    0.16226647  
      3.5                  0.114493609 
      4                    0.116106195 
      4.5                  0.259021632 
      5                    0.342674533 
      5.5                  0.342674533 
      6                    0.291878073 
      6.5                  0.307600787 
      7                    0.33259587  
      7.5                  0.552814651 
      8                    0.57166175  
      8.5                  0.669928712 
      9                    0.7016765   
      9.5                  0.612480334 
      10                   0.564405113 
      10.5                 0.564405113 
      11                   0.659749263 
      11.5                 0.675270403 
      12                   0.743402163 
      12.5                 0.71810472  
      13                   0.645639135 
      13.5                 0.564405113 
      14                   0.564405113 
      14.5                 0.49455998  
      15                   0.555334317 
      15.5                 0.613286627 
      16                   0.549891839 
      16.5                 0.459083088 
      17                   0.389439528 
      17.5                 0.414736971 
      18                   0.473697148 
      18.5                 0.473697148 
      19                   0.388431662 
      19.5                 0.317377089 
      20                   0.401130777 
      20.5                 0.473697148 
      21                   0.413426745 
      21.5                 0.354567355 
      22                   0.348318584 
      22.5                 0.342674533 
      23                   0.342674533 
      23.5                 0.447794985 
      24                   0.591012783 
      24.5                 0.675270403 
      25                   0.70046706  
      25.5                 0.655818584 
      26                   0.576499508 
      26.5                 0.564405113 
      27                   0.542836775 
      27.5                 0.473697148 
      28                   0.473697148 
      28.5                 0.510887414 
      29                   0.564405113 
      29.5                 0.564405113 
      30                   0.653097345 
      30.5                 0.694016716 
      31                   0.807905605 
      31.5                 0.675270403 
      32                   0.691396264 
      32.5                 0.693915929 
      33                   0.748643068 
      33.5                 0.816371681 
      34                   0.833303835 
      34.5                 0.797423795 
      35                   0.741789577 
      35.5                 0.724051131 
      36                   0.789764012 
      36.5                 0.796214356 
      37                   0.796214356 
      37.5                 0.894481318 
      38                   0.927236971 
      38.5                 0.927942478 
      39                   1.000609636 
      39.5                 1.017944936 
      40                   1.017944936 
      40.5                 0.99123648  
      41                   0.987507375 
      41.5                 0.942052606 
      42                   0.927236971 
      42.5                 0.93177237  
      43                   1.017944936 
      43.5                 1.024193707 
      44                   1.086882989 
      44.5                 1.166202065 
      45                   1.17920354  
      45.5                 1.17920354  
      46                   1.17920354  
      46.5                 1.082146018 
      47                   1.017944936 
      47.5                 0.986197148 
      48                   0.927236971 
      48.5                 0.927236971 
      49                   0.927236971 
      49.5                 0.927236971 
      50                   0.927236971 
      50.5                 0.939029007 
      51                   1.017944936 
      51.5                 1.017944936 
      52                   1.017944936 
      52.5                 1.017944936 
      53                   1.017944936 
      53.5                 1.017944936 
      54                   1.017944936 
      54.5                 1.017944936 
      55                   1.017944936 
      55.5                 1.026612586 
      56                   1.026814159 
      56.5                 1.017944936 
      57                   0.984886922 
      57.5                 1.082952311 
      58                   1.014719764 
      58.5                 0.9903294   
      59                   1.062089479 
      59.5                 1.066020157 
      60                   1.017944936 
      60.5                 1.047374631 
      61                   1.006253687 
      61.5                 0.927942478 
      62                   1.020363815 
      62.5                 1.038102262 
      63                   1.049591937 
      63.5                 1.04263766  
      64                   1.088898722 
      64.5                 1.152091937 
      65                   1.131833825 
      65.5                 1.17920354  
      66                   1.153402163 
      66.5                 1.032558997 
      67                   1.047173058 
      67.5                 1.006858407 
      68                   1.011494592 
      68.5                 1.017944936 
      69                   1.017944936 
      69.5                 1.065314651 
      70                   1.148967552 
      70.5                 1.138586529 
      71                   1.199360865 
      71.5                 1.252878564 
      72                   1.29006883  
      72.5                 1.29006883  
      73                   1.201175025 
      73.5                 1.173458702 
      74                   1.307000983 
      74.5                 1.334515733 
      75                   1.25479351  
      75.5                 1.181420846 
      76                   1.174365782 
      76.5                 1.16126352  
      77                   1.161666667 
      77.5                 1.282509833 
      78                   1.222743363 
      78.5                 1.158542281 
      79                   1.156022616 
      79.5                 1.17920354  
      80                   1.17920354  
      80.5                 1.17920354  
      81                   1.112885939 
      81.5                 1.190693215 
      82                   1.220324484 
      82.5                 1.156526549 
      83                   1.117118977 
      83.5                 1.108652901 
      84                   1.261042281 
      84.5                 1.378055556 
      85                   1.344493609 
      85.5                 1.37614061  
      86                   1.335221239 
      86.5                 1.29006883  
      87                   1.233829892 
      87.5                 1.184242871 
      88                   1.17920354  
      88.5                 1.088193215 
      89                   1.072369715 
      89.5                 1.164488692 
      90                   1.17920354  
      90.5                 1.189886922 
      91                   1.2126647   
      91.5                 1.187669617 
      92                   1.197748279 
      92.5                 1.145943953 
      93                   1.092123894 
      93.5                 1.130523599 
      94                   1.17920354  
      94.5                 1.1275      
      95                   1.102605703 
      95.5                 1.217401672 
      96                   1.15259587  
      96.5                 1.082146018 
      97                   1.053421829 
      97.5                 1.122763029 
      98                   1.017944936 
      98.5                 0.962613078 
      99                   0.860113078 
      99.5                 0.897908063 
      100                  0.886922321 
