X-coordinate(mm)         Y-coordinate(mm)
                                          
      0                    0           
      0.5                  0.139503441 
      1                    0.050884956 
      1.5                  0.003564405 
      2                    0.130776794 
      2.5                  0.243977384 
      3                    0.282694199 
      3.5                  0.282694199 
      4                    0.139626352 
      4.5                  -0.090953786
      5                    -0.32079646 
      5.5                  -0.523721731
      6                    -0.802359882
      6.5                  -0.91506883 
      7                    -1.11553589 
      7.5                  -1.155358899
      8                    -1.128810226
      8.5                  -1.116519174
      9                    -1.155358899
      9.5                  -1.230457227
      10                   -1.381514258
      10.5                 -1.569321534
      11                   -1.791543756
      11.5                 -2.038102262
      12                   -1.994100295
      12.5                 -2.034169125
      13                   -2.112831858
      13.5                 -2.207350049
      14                   -2.363815143
      14.5                 -2.421337266
      15                   -2.399213373
      15.5                 -2.486111111
      16                   -2.593411996
      16.5                 -2.625491642
      17                   -2.704031465
      17.5                 -2.825712881
      18                   -3.000491642
      18.5                 -3.215093412
      19                   -3.418879056
      19.5                 -3.59673058 
      20                   -3.734021632
      20.5                 -3.904129794
      21                   -4.049164208
      21.5                 -4.174717306
      22                   -4.237217306
      22.5                 -4.398967552
      23                   -4.581366765
      23.5                 -5.039208456
      24                   -5.217305801
      24.5                 -5.437684366
      25                   -5.451081613
      25.5                 -5.487708948
      26                   -5.422812193
      26.5                 -5.56120944 
      27                   -5.692969518
      27.5                 -5.817969518
      28                   -5.911996067
      28.5                 -5.937192724
      29                   -5.986725664
      29.5                 -6.088618486
      30                   -6.133235005
      30.5                 -6.133235005
      31                   -6.061578171
      31.5                 -5.986356932
      32                   -5.928711898
      32.5                 -5.911996067
      33                   -5.847836775
      33.5                 -5.879916421
      34                   -5.819075713
      34.5                 -5.801376598
      35                   -5.74053589 
      35.5                 -5.651179941
      36                   -5.492133727
      36.5                 -5.348574238
      37                   -5.179695182
      37.5                 -5.036258604
      38                   -4.948377581
      38.5                 -4.976155359
      39                   -4.790314651
      39.5                 -4.671951819
      40                   -4.545231072
      40.5                 -4.403761062
      41                   -4.217305801
      41.5                 -3.967305801
      42                   -3.717305801
      42.5                 -3.585914454
      43                   -3.503195674
      43.5                 -3.3656588  
      44                   -3.187315634
      44.5                 -2.972836775
      45                   -2.770403147
      45.5                 -2.612217306
      46                   -2.593411996
      46.5                 -2.500737463
      47                   -2.468780728
      47.5                 -2.58480826 
      48                   -2.486234022
      48.5                 -2.314282203
      49                   -2.297935103
      49.5                 -2.171705998
      50                   -1.929695182
      50.5                 -1.679695182
      51                   -1.40093412 
      51.5                 -1.102630285
      52                   -0.860373648
      52.5                 -0.457227139
      53                   -0.194936087
      53.5                 -0.159783677
      54                   -0.049164208
      54.5                 -0.030358899
      55                   0.076204523 
      55.5                 0.126474926 
      56                   0.147492625 
      56.5                 0.147492625 
      57                   -0.013765978
      57.5                 -0.049164208
      58                   -0.036381514
      58.5                 0.146755162 
      59                   0.282694199 
      59.5                 0.305801377 
      60                   0.302359882 
      60.5                 0.282694199 
      61                   0.145280236 
      61.5                 0.11682645  
      62                   0.091445428 
      62.5                 -0.116764995
      63                   -0.384955752
      63.5                 -0.59193707 
      64                   -0.806293019
      64.5                 -1.043018682
      65                   -1.392576205
      65.5                 -1.684611603
      66                   -1.712389381
      66.5                 -1.757989184
      67                   -1.83972468 
      67.5                 -1.915560472
      68                   -1.998852835
      68.5                 -2.072926909
      69                   -2.147000983
      69.5                 -2.284783677
      70                   -2.659783677
      70.5                 -3.006391347
      71                   -3.210668633
      71.5                 -3.373156342
      72                   -3.453785644
      72.5                 -3.453785644
      73                   -3.477876106
      73.5                 -3.444321534
      74                   -3.352999017
      74.5                 -3.251720747
      75                   -3.085054081
      75.5                 -3.011307768
      76                   -2.945919371
      76.5                 -2.881514258
      77                   -2.704031465
      77.5                 -2.687438545
      78                   -2.593411996
      78.5                 -2.548058014
      79                   -2.469518191
      79.5                 -2.417035398
      80                   -2.465585054
      80.5                 -2.482792527
      81                   -2.398230088
      81.5                 -2.358284169
      82                   -2.010816126
      82.5                 -1.83259587 
      83                   -1.754916421
      83.5                 -1.629916421
      84                   -1.546214356
      84.5                 -1.464847591
      85                   -1.293018682
      85.5                 -1.303834808
      86                   -1.283677483
      86.5                 -1.303097345
      87                   -1.343903638
      87.5                 -1.413470993
      88                   -1.425762045
      88.5                 -1.290314651
      89                   -1.265978368
      89.5                 -1.236111111
      90                   -1.155358899
      90.5                 -1.09673058 
      91                   -0.97173058 
      91.5                 -0.885570305
      92                   -0.906588004
      92.5                 -0.846853491
      93                   -0.832350049
      93.5                 -0.884095379
      94                   -0.909537856
      94.5                 -0.874508358
      95                   -0.538348083
      95.5                 -0.426007866
      96                   -0.382989184
      96.5                 -0.319567355
      97                   -0.327679449
      97.5                 -0.33493117 
      98                   -0.230088496
      98.5                 -0.159783677
      99                   -0.07792527 
      99.5                 -0.027777778
      100                  0           
